4786.53209767
3555.32030491
3491.11478286
3461.06487764
3440.72872644
3425.94222241
3413.1208078
3401.46963842
3390.86892103
3380.57093495
3370.60137779
3361.25115134
3352.25948124
3344.44301056
3337.97344846
3332.01800704
3326.59384943
3321.89984771
3317.99057256
3314.46272771
3310.86127012
3307.59777229
3304.39818062
3302.17973285
3300.62720703
3299.04064688
3297.03268946
3294.86944654
3292.08119376
3288.62359049
3285.12513731
3281.58391338
3277.50514693
3273.20171232
3269.24450266
3265.76808279
3262.52909908
3259.37834568
3256.23084644
3253.20140626
3250.15426
3247.07580995
3244.20150272
3241.42280489
3238.36255528
3235.72914871
3233.29020033
3230.75367568
3228.43330007
3226.08353333
3223.61418578
3221.12706887
3218.54631496
3216.25779441
3214.10982178
3211.77914133
3209.15251487
3206.58139864
3204.46257816
3202.58045384
3200.86932422
3199.34276658
3197.8163534
3196.19379033
3194.43503452
3192.62472317
3191.09329137
3189.83988135
3188.59022
3187.36915881
3186.31388832
3185.54577462
3185.01821029
3184.47053123
3183.75524249
3182.88152368
3181.83656455
3180.51390145
3179.25032436
3178.07556517
3176.904404
3175.67859902
3174.43135361
3173.19063588
3172.07355038
3171.04713704
3169.9919652
3169.02137052
3168.00440711
3166.91149788
3165.80415651
3164.55504309
3163.27605009
3162.01287325
3160.83690751
3159.66096838
3158.48065523
3157.49377788
3156.71856312
3156.07173296
3155.64482673
3155.30188905
3155.01304881
3154.65343818
3154.20884986
3153.66400632
3153.15646069
3152.71128195
3152.2466361
3151.80046756
3151.39498099
3150.9617588
3150.50580962
3150.06300495
3149.54446999
3149.03551576
3148.55808162
3148.02452285
3147.39887038
3146.69212478
3146.04953495
3145.45989672
3144.78190795
3144.11686107
3143.41296955
3142.77102437
3142.23929285
3141.67123453
3141.1545302
3140.68296955
3140.25262338
3139.85622234
3139.56245743
3139.27411293
3139.03275233
3138.81849412
3138.50747731
3138.09977646
3137.65287814
3137.31456867
3136.97225879
3136.67853374
3136.38196007
3136.10202288
3135.81471076
3135.54838906
3135.24234636
3134.89663749
3134.61030616
3134.35705663
3134.1130624
3133.84983114
3133.54889846
3133.23135106
3132.95795475
3132.73421931
3132.50412789
3132.2526163
3131.94629504
3131.65756396
3131.3703156
3131.07139798
3130.77242733
3130.46362897
3130.16728318
3129.87675216
3129.61309436
3129.43407956
3129.25036878
3129.019486
3128.74851256
3128.48401623
3128.25346085
3127.98387062
3127.79611208
3127.64443753
3127.47086177
3127.3297582
3127.20414161
3127.06684187
3126.95380737
3126.82228416
3126.61078722
3126.33939403
3126.06954183
3125.82022773
3125.51890236
3125.24214961
3124.96597067
3124.67295721
3124.48836528
3124.39991924
3124.33958967
3124.2048925
3123.96513712
3123.75821526
3123.57152103
3123.42692315
3123.2792906
3123.16422187
3123.0156717
3122.85632658
3122.69745699
3122.58485036
3122.46596061
3122.35748164
3122.28444392
3122.18110486
3122.03915599
3121.88159009
3121.71048919
3121.56944821
3121.39508155
3121.24667442
3121.13484002
3120.99742584
3120.87459505
3120.72916547
3120.54401412
3120.35753632
3120.15790374
3119.95112204
3119.71392486
3119.45588171
3119.19385078
3118.92988256
3118.66925647
3118.44243902
3118.19439789
3117.90040239
3117.5730971
3117.28228278
3117.03109801
3116.8341052
3116.62705405
3116.36827962
3116.12385026
3115.85739818
3115.64953143
3115.49428052
3115.37377587
3115.22780969
3115.06215994
3114.85758951
3114.70704504
3114.5171495
3114.35504372
3114.10707002
3113.83767815
3113.58286619
3113.31941553
3113.04591388
3112.77719018
3112.47727796
3112.16421075
3111.85485423
3111.52097494
3111.19048222
3110.8998276
3110.64421245
3110.40046157
3110.15923595
3109.92233084
3109.6600311
3109.35688376
3109.03660006
3108.73857814
3108.42447846
3108.15827993
3107.92603111
3107.71040022
3107.51750347
3107.33415906
3107.24490478
3107.19851557
3107.16219633
3107.1203568
3107.07027342
3107.00872997
3106.96292005
3106.96987806
